# Diameter in m	5.100
# Pitch ratio (0.7R)	1.411
# Hub diameter ratio	0.265
# Disc area ratio	0.750
# Number of blades	 4
J   KT   10KQ
0.00    0.7486   1.4974
0.05    0.7232   1.4440
0.10    0.6977   1.3904
0.15    0.6721   1.3365
0.20    0.6461   1.2824
0.25    0.6198   1.2280
0.30    0.5932   1.1738
0.35    0.5662   1.1195
0.40    0.5389   1.0655
0.45    0.5114   1.0119
0.50    0.4836   0.9589
0.55    0.4556   0.9063
0.60    0.4277   0.8543
0.65    0.3995   0.8027
0.70    0.3714   0.7515
0.75    0.3435   0.7008
0.80    0.3156   0.6503
0.85    0.2878   0.6003
0.90    0.2604   0.5505
0.95    0.2331   0.5010
1.00    0.2060   0.4517
1.05    0.1792   0.4024
1.10    0.1524   0.3531
1.15    0.1257   0.3034
1.20    0.0988   0.2529
1.25    0.0719   0.2014
1.30    0.0447   0.1487
1.35    0.0172   0.0946
1.40    -.0108   0.0393
